$ANSIBLE_VAULT;1.1;AES256
38393765623532333136326232383931343666356537303666613433393766303933386631303761
3631643838333934666334613137653331316262383136660a363134303839646434303631343161
64633236363465306439396266343164316530303463313566353236366563633364323431613063
3631333132386133380a393034643632323135353261616235663638663632366237333364613732
33663130346364333965663431316132373834666161313032353336386363353364613834633562
37353432396439383435313337393634353862306666623837666234616365393362306235336336
62663965306562663862373338396466633031316365306462346266346338363738353863626563
64373436633832353633643933613861353365636230643861336337623130393364653231316637
36616261626463633133653466346562636632323432623731333230663865303936333566663534
32623062333664363664343136613835373863633465336637363739363665393166363333393039
65613135323266623963316231663930346261613738383065653961653430633764646535646232
35366163633766326539663734656662326433393965633930313136303864613236353235663562
35316535316133613233646137656461636532373961376361333066356230343230633836383335
31313762353834643264336265383362393438396531613637386361366364663636666432666535
31306264333037643135646362376632363633646661383736353536666261376233303263393063
32616661306265346337643935336337363862646164663863646231356233333964643930653934
36356532303765303861666636353666653231393661303530376462333561316439333461386230
33326364373530663833653437363533353039396330313164323336303033336164346563393239
66373364353664386364313437646263666632346535326166633733313764393163383661336464
62363432653131343534393936616264656664333966653064633832643130626337643561353163
66386538353630323534396238326661366436363138626364376239303565616261646361396136
33346664636337633761373439373638393839653032346630393666633432323836663334643264
64333865643063656238363362636432666137646237666531626365366161353235643530333233
38396665313965623063636236363632383461376238396432393066303061616235646133343137
3331
